-88 -29 14 -81 1
59 -26 -45 87 0
-9 -27 -51 81 0
-27 -92 80 58 1
-86 -8 4 86 0
-78 31 -1 99 0
-45 56 41 65 0
78 95 -70 -40 0
-56 74 -13 71 0
63 -69 8 33 0
-20 93 35 -59 1
-1 -5 17 10 1
53 86 -2 -30 0
-43 -43 -17 -64 1
1 -37 28 -99 1
61 80 -28 -43 0
-66 -86 -29 84 0
-16 -18 -9 -88 1
19 15 -73 28 0
-79 -6 17 1 1
-68 -49 -50 -80 1
-59 6 -22 -45 1
-53 71 24 -9 1
-24 57 -55 -93 1
38 -39 47 96 0
53 16 89 -2 1
44 -12 -39 79 0
7 22 69 1 1
-42 49 1 -69 1
-5 17 71 -32 1
44 31 -85 -96 0
5 34 -6 -34 1
79 30 37 34 0
9 23 67 -75 1
84 45 41 -93 1
78 -52 81 28 1
-62 88 76 -33 1
23 -3 -39 73 0
-39 38 21 15 0
-43 -48 -60 9 0
-99 80 -42 -12 0
-78 76 -76 86 0
-7 -26 -11 71 0
-36 -29 34 71 0
64 -4 -98 -36 0
-25 -21 -6 38 0
43 -3 48 -17 1
-18 -19 56 -17 1
49 55 64 -85 1
-62 -40 45 84 0
-93 91 -45 50 0
27 54 -37 64 0
-13 13 22 -30 1
11 56 -59 -30 0
-76 25 -69 -67 1
-95 15 -20 90 0
38 -65 -50 -67 1
28 36 21 89 0
91 -56 96 -9 1
89 84 20 -83 1
-11 70 -43 -8 0
22 89 -86 82 0
44 70 97 13 1
80 -27 -54 45 0
43 -71 -14 -20 1
25 19 -68 -4 0
-7 -84 91 -41 1
86 -53 -60 -70 1
-19 3 -83 -76 1
-48 -50 27 -83 1
-48 52 -33 23 0
-86 -89 -83 11 0
-61 62 24 -72 1
-98 -90 15 3 1
-64 1 92 -19 1
82 -51 9 87 0
-36 83 -10 -12 0
-11 60 -83 -79 0
-41 65 -47 62 0
49 -11 -78 0 0
98 -70 77 -68 1
-68 23 -55 -36 0
-37 -30 -60 -41 1
-73 3 48 -28 1
-47 -39 -13 78 0
-1 28 35 -21 1
-32 68 8 75 0
-59 -31 -32 11 0
-42 82 -77 19 0
-95 33 -90 42 0
-30 10 -73 -77 1
-28 26 -87 -79 0
-41 78 -16 -76 1
79 -7 65 43 0
-63 -35 -39 29 0
-71 -5 66 -98 1
80 25 -94 64 0
66 51 80 22 0
-63 -15 -11 74 0
53 -40 -14 73 0
-79 -59 -71 67 0
-46 9 -39 5 0
-21 -89 16 78 0
-78 -64 22 -76 1
-76 -54 -95 21 0
-51 -92 -61 -81 1
-59 36 75 62 1
-72 74 -31 46 0
-18 -99 -3 1 1
-18 -67 -22 -94 1
4 53 -96 -89 0
63 -3 43 -24 1
75 21 49 -97 1
39 73 11 -37 0
16 -19 -50 -56 1
38 -35 -97 57 0
3 95 42 -64 1
-67 30 47 -95 1
19 -80 -94 -56 1
56 80 -83 -35 0
-12 -83 56 -75 1
-12 -96 -62 89 0
92 -24 -56 69 0
-90 98 -11 -6 0
75 33 97 72 0
-43 95 -42 35 0
-2 -32 -39 52 0
-90 88 -34 -42 0
-26 1 -91 -53 0
-55 47 78 75 0
21 41 -33 90 0
18 46 49 2 1
64 64 -22 -26 0
-2 -77 -43 74 0
84 -24 85 -66 1
36 -55 -34 -1 0
85 -48 63 93 0
57 87 -40 21 0
16 -94 -71 -46 1
0 62 23 -63 1
-65 -52 24 -51 1
49 -46 -91 -96 1
-63 26 51 -23 1
0 34 68 -66 1
50 -23 16 61 0
7 69 -61 -26 0
59 64 -23 77 0
50 -98 46 -22 1
-4 -55 -23 -81 1
-79 -40 -72 -73 1
17 -14 -92 -25 0
-36 -95 57 -22 1
77 -76 -99 -53 0
98 -10 71 83 0
2 -96 95 78 1
-71 57 92 -33 1
24 35 82 -42 1
-44 26 -74 56 0
-1 65 -61 -60 0
59 14 75 -22 1
8 -47 31 53 0
59 43 18 -64 1
-26 -81 -55 93 0
95 13 -58 -66 0
73 -59 -76 14 0
49 55 -32 -3 0
48 -45 6 -64 1
42 -26 13 94 0
31 -38 40 -28 1
-89 -44 -87 -84 1
25 -70 12 99 0
-1 2 -99 88 0
45 93 72 -38 1
57 79 -9 -52 0
-37 45 41 -57 1
35 -14 42 -31 1
73 22 -59 -12 0
-90 -5 77 66 1
28 -89 30 -30 1
-93 -78 -49 -79 1
1 -60 94 -34 1
-14 49 -83 -14 0
29 83 24 -83 1
-82 85 -99 40 0
18 -75 86 -76 1
-76 29 -61 25 0
54 -47 21 -86 1
-73 17 -38 -77 1
22 20 -54 24 0
-48 -68 0 67 0
-15 64 46 -32 1
-32 82 -65 -24 0
-50 -89 19 -50 1
85 -84 -62 78 0
-68 16 79 29 1
35 66 -23 91 0
-6 44 57 -83 1
15 -54 -64 60 0
38 -26 -46 53 0
-28 -59 -87 8 0
61 -22 47 25 1
-48 79 59 -56 1
46 97 53 99 0
38 27 71 51 0
46 74 -30 -24 0
-16 59 90 -88 1
72 56 49 62 0
19 -6 -1 -97 1
11 -40 -22 39 0
31 39 33 91 0
80 16 17 11 0
18 75 33 20 0
88 -18 37 -4 1
60 -2 61 -94 1
-1 49 66 98 0
58 32 -34 -2 0
29 -11 -83 -88 1
-38 -56 -32 -93 1
-66 66 -4 66 0
73 13 -47 -10 0
-23 -44 85 55 1
-23 86 31 -88 1
-61 -20 -25 -85 1
-99 -83 96 50 1
-35 1 -85 25 0
91 39 -4 97 0
-64 -80 29 -17 1
62 73 -37 22 0
65 -99 3 -46 1
56 55 -69 21 0
-84 75 29 -1 1
18 0 -42 -57 1
89 29 -17 30 0
0 68 10 2 0
-35 65 30 80 0
-40 76 76 -13 1
-50 -54 -19 -45 1
-7 59 -13 1 0
-49 -63 12 -32 1
28 -88 -71 -67 1
-15 26 -85 -28 0
-55 -41 -75 11 0
-89 17 -8 -3 1
49 24 -99 -30 0
-37 4 69 -82 1
-45 89 -61 31 0
-76 -88 -32 -61 1
-28 85 96 -30 1
-70 -80 33 48 1
-6 -41 17 7 1
2 -72 -3 -4 1
-95 2 31 -8 1
47 61 -33 34 0
54 -70 34 -4 1
-35 1 76 -35 1
-73 -63 17 -55 1
57 18 -89 37 0
-87 -45 -12 38 1
-87 -36 -52 -5 1
-13 -46 72 -57 1
74 9 96 -12 1
-56 93 25 -2 0
-68 -30 20 6 1
-24 94 -71 -57 0
-67 34 76 -78 1
51 60 -57 -12 0
-69 46 25 -23 1
-62 63 20 39 0
0 17 90 -77 1
49 -98 90 74 1
39 45 87 -94 1
-17 35 81 7 1
-62 -53 -53 59 0
25 18 53 -60 1
12 -82 -17 65 0
35 92 24 -20 0
-38 45 74 -25 1
59 64 -13 4 0
-4 -39 -75 -18 0
-64 69 -14 97 0
-5 -25 -83 93 0
18 22 -55 -60 0
42 7 -84 -95 1
58 1 59 14 1
-34 -29 -90 -71 1
45 31 3 -69 1
89 -9 45 76 0
-87 -55 70 -89 1
82 -90 84 79 1
-41 -54 37 78 0
53 53 78 -10 1
-45 10 44 -36 1
55 -34 -16 -76 1
54 -10 -32 -7 0
40 4 63 -21 1
21 39 -47 24 0
-22 26 -47 -92 1
-29 48 28 77 0
-40 -28 56 -34 1
36 16 82 -82 1
-27 28 -61 -71 1
31 66 89 48 0
7 11 -35 -35 0
-52 86 -44 33 0
-46 -11 4 2 1
-82 -45 -47 47 0
-97 -47 -61 -41 1
-84 91 -1 -64 1
-11 -93 4 -1 1
3 4 -6 -22 1
-45 20 31 62 0
-67 -11 -78 56 0
-84 -73 9 -34 1
-25 85 -80 -48 0
-26 -63 -3 64 0
31 -88 78 49 1
8 -45 99 72 1
-91 50 67 -23 1
-62 85 -90 57 0
-83 72 -9 -70 1
-62 28 -17 -38 1
-25 48 16 -23 1
-69 62 41 -74 1
62 81 44 79 0
-19 26 38 -62 1
-79 95 -79 25 0
-50 68 -87 -10 0
-87 42 21 63 0
-41 35 5 -8 1
-36 -23 -1 91 0
70 -40 -80 -40 0
56 -16 -85 -83 0
-31 -97 39 -26 1
-90 -75 -12 18 1
-43 47 9 79 0
30 -76 -65 -67 1
-87 -94 12 91 1
-43 -99 19 15 1
49 -18 81 -36 1
94 -69 -7 -73 1
69 -81 45 31 1
18 41 58 -76 1
36 -62 93 65 1
-67 80 85 -48 1
65 66 78 -98 1
1 18 -39 -88 1
-85 -84 87 34 1
-70 2 -73 -93 1
-17 80 -99 0 0
-22 -35 79 87 1
2 -69 -18 -38 1
-39 11 29 80 0
98 -90 78 0 1
1 22 -64 35 0
1 82 69 -46 1
92 60 77 48 0
90 62 44 -80 1
-47 20 35 -68 1
-13 75 -63 -42 0
47 90 -62 28 0
-31 -31 86 -46 1
-1 -55 -96 11 0
-26 96 97 86 0
92 22 -28 -39 0
-91 -66 6 74 0
-32 -18 86 65 1
44 46 44 -85 1
58 98 5 -74 1
-86 98 -32 16 0
-43 -62 -97 -63 1
2 52 48 27 0
-18 14 -92 -77 0
51 52 63 -16 1
-23 17 -72 -21 0
-72 -59 26 52 1
79 -54 -33 55 0
-2 -49 -45 -87 1
67 -53 -3 -13 1
23 71 45 -14 1
48 27 -60 43 0
-35 -5 81 36 1
55 -59 -73 -16 0
-29 98 62 -39 1
-37 -47 64 -84 1
81 9 0 -67 1
-33 -6 28 -43 1
39 -96 59 88 1
-38 -48 42 -24 1
2 -49 -95 58 0
-86 -28 -5 33 1
-85 35 -76 -70 1
-42 77 -8 53 0
7 -40 -44 -79 1
82 73 9 90 0
47 8 21 36 0
-92 -10 -91 48 0
10 -75 90 88 1
97 77 38 0 0
-16 -91 80 -52 1
91 -68 88 -4 1
54 -87 -97 -11 0
-43 -71 -86 12 0
-12 18 31 -81 1
4 -25 85 40 1
-9 -77 29 -62 1
-25 -41 -39 -73 1
-9 92 33 -15 0
-23 -39 54 -41 1
-35 -79 -6 21 1
-2 -46 -69 64 0
86 22 -72 9 0
15 30 -60 20 0
-1 -19 97 30 1
62 20 -38 28 0
62 -23 54 -100 1
-19 -44 80 -43 1
-76 -36 4 28 1
-70 46 78 -89 1
-21 61 -37 -87 1
-70 -1 -54 35 0
27 -55 97 94 1
76 -25 19 -77 1
95 12 5 -29 0
-88 26 -47 -64 1
-50 49 16 -52 1
63 -74 -16 -10 1
-33 12 -2 5 0
49 -6 -85 53 0
55 -65 -88 -65 1
-61 7 -44 -83 1
61 63 0 -65 1
46 -75 -94 62 0
-88 -12 16 -29 1
40 14 15 63 0
-21 -83 -23 44 0
40 19 39 -90 1
-56 -67 -83 -79 1
-38 -5 -72 -95 1
18 -18 92 -53 1
-12 -7 -19 -85 1
70 -45 -84 64 0
50 -67 -62 -25 0
-55 -3 69 46 1
61 -52 -16 -51 1
-47 -71 -41 68 0
10 -50 -80 -79 1
63 85 59 14 0
51 90 20 72 0
-33 61 18 37 0
47 22 -56 -3 0
-66 2 -79 -63 1
91 69 -66 -90 0
15 59 77 32 0
75 -68 -65 -31 0
-52 65 89 10 1
69 -72 -60 47 0
-69 -100 -92 -42 1
71 -60 -35 78 0
79 43 5 77 0
59 -30 41 -68 1
33 98 -100 23 0
-70 -61 -12 -22 1
25 70 -11 -27 0
-99 83 17 -39 1
64 59 90 -71 1
84 15 73 89 0
-36 95 48 -27 1
20 65 -76 45 0
48 40 -6 82 0
-84 -23 -98 -83 1
-54 -20 50 -43 1
88 19 71 -9 1
-94 78 -60 -36 0
95 -21 -72 52 0
89 11 -26 44 0
3 -4 34 -94 1
-81 -68 -53 44 0
-86 -9 99 50 1
-64 53 40 -29 1
-4 11 -47 -89 1
60 11 -39 99 0
-97 -88 -42 32 1
-2 72 -63 37 0
79 70 -22 -5 0
84 -56 -59 -78 1
-34 38 -84 39 0
1 -94 -28 -18 1
-1 -9 7 65 0
29 98 -65 -24 0
-16 -69 78 -54 1
76 -43 -54 -82 1
-26 -71 33 86 0
87 58 30 1 0
53 55 -33 12 0
24 -55 40 -33 1
37 24 82 31 1
-79 14 53 -59 1
-23 -56 -61 79 0
-83 21 22 40 0
-47 -58 85 73 1
-33 62 -70 25 0
32 3 -86 24 0
63 19 50 44 0
-87 63 12 30 0
-17 -37 71 83 1
99 89 -19 -5 0
-24 -18 -51 -67 1
-93 -37 82 2 1
-95 73 -63 7 0
-1 -60 88 -34 1
93 46 10 -19 0
-100 -60 31 -82 1
-66 32 20 57 0
-68 83 87 -15 1
92 30 54 -14 1
-86 45 -40 89 0
-39 -70 -60 33 0
-78 -88 -4 -63 1
22 53 22 84 0
42 50 -92 84 0
19 3 -27 -44 1
69 99 9 22 0
-28 -82 9 55 1
-17 -95 43 8 1
67 76 -59 -40 0
62 87 44 76 0
1 58 64 52 0
-73 82 51 -84 1
-33 -20 -88 65 0
-4 -11 -14 77 0
-51 93 -25 18 0
30 8 77 -79 1
-86 -36 15 7 1
37 98 -6 94 0
-85 22 -99 51 0
48 76 63 12 0
95 -52 -22 25 0
10 -34 -82 -57 0
23 81 -22 10 0
7 -21 -77 27 0
-73 86 31 -11 1
28 21 9 41 0
-8 -81 -36 -40 1
-62 46 -3 51 0
-10 62 14 -29 1
-76 92 -28 91 0
61 91 32 -19 0
62 35 89 20 1
91 82 -9 -53 0
-91 65 50 -47 1
-71 -77 36 -84 1
-67 29 -37 -60 1
66 -45 -32 -43 1
-42 -100 -75 -57 1
79 -43 -41 24 0
-61 20 -15 31 0
-1 -44 33 25 1
-55 -17 -38 53 0
-50 -75 -88 -47 1
-39 -79 -10 47 1
-100 27 38 -6 1
-27 -15 12 -7 1
88 -85 29 -49 1
-49 50 93 -85 1
97 -77 35 -63 1
-3 -44 -80 72 0
-26 -67 -91 89 0
63 97 53 -82 1
-68 3 67 20 1
83 37 -9 -99 1
-85 39 55 -13 1
-63 1 53 -12 1
-56 2 -73 9 0
80 97 -62 -97 0
56 17 78 -85 1
-32 92 -59 -91 0
61 73 8 -46 0
89 13 11 -97 1
96 76 52 6 0
-31 -60 13 0 1
-73 -10 33 -45 1
-97 -29 85 -28 1
-5 -44 66 27 1
-97 -55 -41 19 1
-15 -86 -31 42 0
51 -81 39 83 0
-5 50 -82 -42 0
28 54 31 78 0
63 89 -70 -99 0
21 22 43 71 0
70 86 59 -64 1
-83 -70 17 68 1
-78 -17 -78 48 0
-21 97 -82 -6 0
58 89 -52 -17 0
-56 -42 97 68 1
-52 -58 70 -11 1
38 -65 86 12 1
73 -11 44 87 0
-75 -7 -75 54 0
41 -73 65 -91 1
91 -18 55 -90 1
-94 85 51 -30 1
11 -54 -82 -2 0
-70 80 -88 91 0
78 -68 -30 13 0
-16 4 12 67 0
51 -57 35 94 0
-28 68 -48 -24 0
-25 0 -38 -4 0
-3 64 -54 -78 0
6 0 -61 98 0
-27 -92 -55 -95 1
-50 47 -8 51 0
-2 -15 -74 5 0
59 55 71 -51 1
18 63 20 3 0
-80 -81 84 -29 1
-74 -58 97 40 1
-52 94 44 -35 1
84 52 -82 30 0
-75 -36 -77 -48 1
13 60 -46 -58 0
-31 25 9 -100 1
53 -65 -20 -87 1
73 -27 35 -87 1
-100 -87 -90 -34 1
-36 93 41 23 0
34 80 -55 -13 0
-20 22 -33 23 0
-40 -84 9 -4 1
-50 87 62 98 0
-54 5 31 60 0
86 -11 -90 87 0
60 52 -90 70 0
-89 -7 -10 94 0
-97 2 -44 85 0
-41 0 62 28 1
-77 -26 -89 23 0
30 65 72 48 0
22 -19 39 -5 1
-80 -59 -3 -34 1
79 -9 69 95 0
50 26 28 -66 1
-39 19 30 -15 1
27 68 -48 -7 0
-43 -59 -86 67 0
35 -97 84 72 1
32 97 28 81 0
20 86 75 53 0
52 66 85 82 0
-62 -97 -45 28 1
44 -34 -14 -43 1
-70 -10 39 3 1
43 7 -74 58 0
-76 -39 47 41 1
-67 85 98 -44 1
35 22 -89 -13 0
47 44 -44 24 0
47 45 -52 84 0
66 -64 -83 -80 1
-89 -2 36 -48 1
52 20 -99 9 0
18 -19 82 49 1
2 -69 17 14 1
-39 -34 -8 38 0
53 -70 -71 67 0
54 -51 39 6 1
77 -50 41 41 0
-38 57 76 75 0
-97 55 20 31 0
-23 36 -15 55 0
-4 -36 68 -93 1
-38 81 81 -56 1
95 89 71 -26 1
-65 -73 11 -76 1
-100 36 67 11 1
12 -66 -4 -38 1
63 -71 66 -5 1
98 80 27 -73 1
72 -87 -36 -33 1
-24 -38 -93 -30 0
-91 -25 -17 -32 1
-43 96 -6 -64 1
-23 -13 69 -95 1
-97 -24 -82 -35 1
-54 96 22 49 0
37 9 -33 -89 1
95 69 -77 98 0
-44 73 99 76 0
29 99 -49 75 0
-41 12 81 -1 1
56 50 73 -9 1
-81 84 -40 -46 0
-92 -5 -85 -69 1
-73 -14 -26 -27 1
76 -32 -35 -1 0
35 77 60 -71 1
-48 -100 -81 13 0
93 -87 -2 30 0
59 11 97 -91 1
49 70 30 -13 0
58 82 -84 -48 0
13 51 51 -30 1
82 -7 52 0 1
-27 47 47 77 0
-78 -51 2 -30 1
89 19 0 4 0
-70 21 84 -38 1
78 -38 -43 90 0
-28 30 -7 -30 1
98 -73 -26 -9 0
57 -46 81 -21 1
24 -44 27 26 1
-84 -68 -56 -90 1
23 -90 -46 30 0
-60 -99 82 6 1
-8 6 62 -16 1
-90 51 61 14 1
39 -46 -86 69 0
39 36 -89 -76 0
-57 27 -47 87 0
-82 25 91 -73 1
-89 91 38 -36 1
45 -53 -95 39 0
41 13 -91 -70 0
-62 -12 -79 -97 1
-69 58 -79 -67 0
62 -36 -83 73 0
-34 -38 10 -28 1
42 -49 -60 -86 1
-27 78 -31 -19 0
93 17 -41 -72 0
28 78 -24 -29 0
59 93 70 -40 1
-17 -26 36 91 0
21 27 -4 17 0
16 33 -95 3 0
-80 -60 -65 39 0
-80 61 -11 90 0
-58 -84 -62 21 0
-42 10 75 12 1
-72 -80 -100 -29 1
-68 -34 33 -65 1
-40 11 85 -30 1
95 9 -3 -78 1
-91 10 17 -95 1
23 34 -60 -39 0
-10 -88 -77 -63 1
90 -57 -14 -21 1
75 94 -40 69 0
-34 26 -77 -34 0
-73 -34 -64 74 0
-67 7 98 83 1
-1 71 -60 -55 0
94 -69 59 32 1
-37 -23 -72 -99 1
9 45 -64 57 0
51 63 -91 14 0
70 -99 -11 -37 1
-53 -70 2 -31 1
46 -93 54 80 1
-11 -95 -51 -31 1
-63 -58 -70 45 0
18 -94 -80 -57 1
97 -74 7 18 0
62 70 34 69 0
6 -3 8 61 0
8 20 -69 -75 0
-44 -28 51 -5 1
6 97 -43 62 0
-7 75 10 -87 1
-100 98 78 -57 1
-66 76 42 -29 1
8 76 65 34 0
42 -28 84 5 1
7 86 -47 22 0
70 7 -31 10 0
35 6 -62 -43 0
-71 79 22 -3 1
74 -72 -94 47 0
-18 -40 29 2 1
-58 4 -22 9 0
83 -41 -91 65 0
-82 28 35 -83 1
67 -94 55 94 0
-35 19 -19 41 0
-50 28 21 -46 1
34 73 97 93 0
-28 -78 -85 -69 1
-35 -68 16 18 1
90 79 48 4 0
-54 -93 95 -48 1
-34 22 95 -51 1
-78 12 -23 -95 1
11 -46 -25 -17 1
-36 12 30 -4 1
74 32 30 -17 1
77 10 -21 2 0
9 -60 -100 -62 1
-86 60 -92 -96 1
84 7 -79 -25 0
-27 -64 47 45 1
-3 83 -55 -2 0
36 9 93 -45 1
34 -70 97 84 1
-89 -14 -37 -46 1
20 -96 42 -95 1
20 -53 77 -1 1
-94 80 -31 62 0
14 -83 -38 -46 1
45 -89 -21 -86 1
-79 -92 81 2 1
-63 42 82 -75 1
48 -45 57 7 1
-49 -71 61 -44 1
-12 -31 -77 33 0
94 -99 38 -58 1
68 -97 25 31 1
-58 -18 -74 -84 1
-48 -15 20 98 0
-40 25 43 42 0
-93 -56 -72 -87 1
19 20 14 -27 1
80 24 24 -52 1
-45 29 29 30 0
9 -31 -54 20 0
-37 -44 -95 -81 1
68 97 56 -91 1
45 -91 -70 -24 0
84 -20 -53 38 0
-55 65 35 69 0
-77 21 5 57 0
4 78 -30 71 0
63 -5 -61 29 0
61 -43 -66 -30 0
-8 -92 -13 -5 1
26 -60 -97 -40 0
74 -12 73 -42 1
23 -49 76 27 1
86 96 -13 -57 0
-39 -34 23 -99 1
-4 -6 76 23 1
14 80 -54 6 0
71 27 -49 -23 0
60 -58 -64 -11 0
59 -72 -81 13 0
28 -8 -82 93 0
47 93 -42 -41 0
46 -99 86 -100 1
51 -83 99 -33 1
96 -63 -53 27 0
49 -10 64 87 0
-66 -24 -13 0 1
8 56 -74 -86 0
66 -18 -74 -17 0
24 43 21 56 0
19 28 -44 -73 1
39 -77 -44 -40 1
-53 -93 -29 -71 1
32 99 94 -11 1
-61 -24 7 -49 1
20 -80 75 -33 1
-4 65 85 20 1
92 -28 -4 65 0
83 -50 -56 79 0
11 -26 34 -39 1
-20 0 10 89 0
75 6 49 17 0
80 77 -85 8 0
-54 59 2 -43 1
-64 -25 -65 -16 0
85 13 56 -3 1
-81 70 -67 -70 0
-33 75 6 -75 1
-54 97 -79 13 0
-43 34 -33 34 0
-39 -28 -52 -55 1
99 -100 -79 62 0
-6 97 -72 -80 0
34 -3 -67 -13 0
-13 -22 -67 -41 0
41 91 53 -74 1
19 90 -25 10 0
-7 21 -97 39 0
-84 -56 84 -26 1
95 -96 -23 95 0
-15 -63 -35 70 0
37 -43 71 77 0
35 29 -92 -68 0
-77 -11 14 34 1
89 -34 20 -28 1
-57 30 -8 -97 1
49 64 -37 40 0
86 -14 -11 -56 1
81 -18 -19 -69 1
63 -23 -14 38 0
8 4 35 10 1
-91 91 89 74 0
49 -27 -84 -40 0
-82 -12 -63 -92 1
-82 -16 29 -18 1
43 -12 -44 -82 1
-61 -35 -35 -91 1
-58 2 -3 -69 1
45 -5 -31 64 0
-3 -39 86 -50 1
-51 69 89 -25 1
49 -71 -91 76 0
-67 -10 57 14 1
81 29 -62 65 0
88 -89 -60 88 0
48 -2 67 -5 1
53 56 -25 -74 1
94 27 -47 -56 0
94 -54 -39 -78 1
32 68 84 8 1
42 91 -62 -58 0
38 -64 67 17 1
92 -55 -49 -78 1
17 -57 28 -80 1
93 -80 52 85 0
-23 -3 -37 64 0
-37 56 -52 78 0
19 -85 -17 -49 1
-3 90 -62 50 0
-64 46 96 -1 1
75 0 -47 35 0
-51 -24 95 -80 1
95 94 -48 25 0
28 -88 15 -57 1
-32 -95 -90 -66 1
-10 -26 -84 -7 0
75 4 -52 88 0
77 91 69 94 0
13 -54 75 -62 1
90 -60 -11 61 0
-99 -46 52 42 1
1 -1 52 -66 1
-7 25 -11 -20 0
-39 37 45 52 0
72 34 20 46 0
48 -86 88 69 1
45 36 32 -99 1
-42 -60 -51 -73 1
72 50 -1 -5 0
35 -18 -44 10 0
-76 -34 27 -74 1
64 -67 -1 -12 1
63 -17 -51 76 0
60 50 81 -43 1
17 61 7 -40 1
-77 -91 36 77 1
-34 -88 -51 -88 1
81 1 42 -85 1
38 80 -58 65 0
-13 -83 32 81 0
-90 39 -68 18 0
14 -7 -22 30 0
9 36 17 -93 1
27 36 7 -70 1
59 44 -45 35 0
-54 -54 -70 -71 1
-34 -66 -84 15 0
98 28 -91 -34 0
33 -72 -66 44 0
-91 63 -25 71 0
-13 -87 94 37 1
40 61 -2 -68 1
-93 96 -67 66 0
17 -3 48 59 0
26 2 4 -88 1
-7 86 -54 60 0
91 23 -59 -67 0
33 42 -3 69 0
-5 -67 44 -78 1
48 71 66 35 0
88 -53 -97 21 0
89 -60 52 93 0
98 -16 80 55 0
-84 -4 -33 30 0
87 -68 89 61 1
-88 91 28 -1 1
-51 27 28 -8 1
98 -71 25 65 0
28 82 51 18 0
18 13 76 -93 1
-64 15 -20 23 0
50 -12 -65 89 0
55 83 -50 86 0
-51 -78 -80 48 0
-95 -43 -93 4 0
66 -62 56 97 0
-58 61 -70 -16 0
9 80 -53 98 0
14 21 -76 -61 0
-69 -19 51 57 1
-13 19 -79 -54 0
-50 -14 -93 31 0
-23 -18 -65 91 0
